1
38
8 17 24 15 31 7 2 16 30 35 32 26 14 1 9 34 29 0 6 3 33 11 25 10 5 18 22 13 4 21 36 27 37 28 23 20 19 12
0 -1 -1 -1 177 -1 -1 -1 -1 -1 -1 581 -1 -1 -1 -1 833 -1 -1 -1 -1 -1 -1 -1 -1 368 -1 -1 -1 44 862 -1 850 53 -1 -1 -1 315
-1 0 -1 -1 -1 -1 -1 -1 -1 -1 744 -1 -1 -1 2 -1 -1 -1 -1 -1 -1 -1 -1 -1 -1 -1 -1 467 -1 -1 943 -1 -1 -1 -1 -1 342 628
-1 -1 0 -1 508 -1 -1 -1 -1 355 -1 -1 773 -1 -1 -1 -1 -1 -1 -1 -1 -1 -1 -1 -1 626 -1 -1 -1 -1 202 -1 -1 65 -1 -1 -1 161
-1 -1 535 0 -1 -1 -1 -1 -1 -1 -1 -1 -1 657 405 942 357 -1 -1 -1 -1 -1 -1 -1 963 544 -1 -1 -1 743 -1 -1 90 -1 -1 -1 452 -1
-1 -1 -1 510 0 -1 -1 -1 657 534 -1 -1 273 -1 -1 -1 -1 -1 -1 -1 -1 -1 -1 -1 -1 -1 -1 -1 -1 -1 -1 -1 -1 -1 -1 -1 499 -1
-1 -1 -1 -1 -1 0 -1 -1 -1 538 -1 -1 -1 -1 655 -1 211 794 -1 -1 -1 349 -1 -1 -1 -1 482 -1 -1 695 694 -1 -1 915 -1 -1 -1 -1
-1 -1 609 -1 -1 -1 0 991 -1 -1 -1 -1 390 796 -1 -1 -1 265 -1 -1 -1 488 -1 -1 -1 -1 -1 -1 -1 -1 -1 -1 -1 -1 -1 347 -1 -1
-1 -1 126 -1 -1 -1 -1 0 -1 -1 -1 -1 -1 156 -1 -1 -1 -1 -1 -1 -1 -1 -1 -1 -1 -1 690 -1 -1 -1 -1 -1 -1 -1 -1 -1 -1 -1
-1 272 -1 -1 -1 -1 166 -1 0 273 -1 -1 489 -1 -1 960 -1 -1 -1 -1 -1 -1 784 -1 -1 -1 -1 -1 -1 -1 852 -1 -1 -1 853 -1 -1 -1
-1 -1 152 -1 -1 658 143 -1 429 0 -1 -1 -1 -1 -1 -1 307 -1 -1 -1 -1 -1 -1 -1 -1 -1 -1 -1 -1 -1 -1 416 -1 723 829 -1 -1 -1
-1 -1 -1 -1 -1 997 -1 -1 -1 -1 0 -1 -1 801 -1 887 -1 -1 684 -1 -1 -1 58 -1 -1 -1 -1 702 -1 -1 -1 -1 -1 772 637 -1 -1 -1
814 -1 -1 404 244 -1 -1 -1 -1 -1 -1 0 -1 382 -1 -1 -1 580 -1 283 -1 -1 864 -1 -1 218 580 -1 183 -1 -1 -1 -1 -1 -1 13 348 -1
-1 -1 -1 -1 286 208 -1 -1 -1 -1 -1 -1 0 -1 985 -1 -1 735 166 -1 702 -1 195 191 537 -1 322 -1 -1 -1 396 -1 326 -1 -1 -1 -1 -1
526 -1 -1 947 -1 -1 -1 -1 -1 -1 -1 891 -1 0 796 -1 -1 -1 -1 -1 698 673 -1 -1 773 -1 -1 -1 692 -1 -1 -1 793 -1 -1 739 -1 -1
-1 451 -1 -1 -1 896 -1 -1 -1 -1 -1 -1 -1 123 0 -1 -1 -1 -1 -1 -1 -1 -1 -1 -1 -1 -1 -1 -1 -1 -1 -1 -1 -1 -1 -1 -1 -1
374 -1 -1 -1 -1 517 -1 -1 963 -1 -1 -1 18 312 -1 0 -1 -1 71 -1 925 -1 603 -1 -1 -1 -1 -1 -1 -1 -1 -1 47 -1 -1 -1 841 703
-1 -1 -1 -1 -1 713 -1 -1 -1 -1 -1 -1 -1 868 -1 597 0 -1 159 902 256 -1 -1 -1 -1 201 -1 -1 -1 -1 -1 -1 -1 -1 4 -1 3 -1
736 -1 -1 -1 -1 715 -1 970 -1 -1 -1 -1 -1 -1 -1 996 -1 0 -1 -1 544 239 -1 -1 660 -1 -1 330 -1 -1 -1 -1 -1 -1 988 897 -1 -1
143 -1 -1 -1 -1 -1 280 -1 -1 907 -1 842 -1 769 -1 492 -1 476 0 -1 -1 -1 -1 -1 -1 -1 -1 474 833 -1 -1 -1 -1 -1 -1 261 -1 -1
-1 -1 -1 -1 -1 -1 -1 -1 -1 -1 -1 -1 -1 -1 -1 -1 -1 -1 -1 0 -1 -1 -1 -1 -1 -1 -1 -1 -1 -1 429 -1 392 744 616 -1 -1 -1
-1 -1 -1 -1 -1 -1 177 -1 -1 -1 703 401 -1 -1 -1 -1 -1 -1 -1 -1 0 -1 -1 -1 -1 -1 -1 -1 -1 18 -1 -1 -1 -1 -1 -1 -1 -1
282 -1 -1 -1 -1 -1 -1 -1 -1 -1 -1 -1 -1 -1 -1 -1 -1 -1 -1 -1 -1 0 -1 47 -1 -1 -1 -1 -1 -1 -1 108 787 -1 -1 -1 -1 -1
-1 -1 -1 -1 112 -1 -1 952 -1 952 378 -1 -1 -1 -1 -1 311 -1 -1 -1 -1 -1 0 -1 -1 833 -1 657 -1 -1 279 647 -1 -1 -1 -1 -1 -1
-1 -1 -1 -1 -1 367 -1 -1 92 -1 -1 -1 952 -1 -1 -1 256 -1 -1 -1 -1 123 275 0 357 -1 -1 -1 -1 -1 -1 -1 -1 -1 539 -1 -1 811
-1 -1 -1 7 -1 -1 501 49 -1 -1 -1 -1 -1 -1 -1 -1 -1 -1 -1 -1 -1 -1 -1 -1 0 -1 -1 -1 868 -1 -1 -1 -1 -1 752 -1 -1 199
-1 -1 427 -1 -1 738 -1 -1 -1 -1 -1 -1 -1 -1 -1 -1 -1 -1 1 -1 -1 -1 -1 -1 -1 0 557 -1 -1 594 -1 -1 -1 -1 -1 -1 -1 -1
-1 -1 -1 -1 -1 144 -1 5 -1 -1 -1 -1 -1 -1 -1 -1 -1 -1 741 -1 -1 -1 -1 -1 -1 356 0 -1 -1 -1 -1 -1 -1 207 -1 -1 -1 -1
342 606 -1 -1 -1 -1 -1 -1 -1 -1 -1 -1 86 -1 -1 -1 -1 283 -1 371 -1 -1 -1 861 -1 -1 -1 0 843 561 -1 -1 -1 -1 -1 -1 -1 -1
653 -1 -1 942 -1 -1 549 -1 518 -1 -1 -1 -1 -1 -1 -1 -1 -1 576 285 -1 -1 -1 -1 -1 -1 -1 -1 0 -1 -1 -1 -1 -1 -1 -1 -1 -1
546 73 669 570 -1 -1 -1 -1 -1 -1 -1 -1 -1 -1 -1 -1 -1 -1 762 202 -1 -1 -1 689 -1 -1 -1 -1 -1 0 -1 973 517 -1 -1 -1 532 -1
-1 -1 -1 -1 825 -1 -1 -1 724 -1 -1 915 -1 -1 -1 -1 -1 450 -1 951 -1 -1 629 -1 -1 -1 -1 294 -1 391 0 -1 -1 358 561 -1 -1 -1
442 -1 976 900 -1 383 594 -1 -1 -1 -1 -1 -1 42 -1 -1 -1 -1 840 -1 -1 -1 -1 -1 -1 -1 -1 -1 -1 -1 -1 0 -1 -1 -1 -1 38 -1
-1 -1 -1 806 -1 477 640 -1 -1 -1 -1 39 -1 -1 -1 871 -1 -1 -1 -1 271 -1 -1 910 -1 -1 -1 566 -1 -1 -1 554 0 -1 -1 -1 882 -1
-1 23 -1 -1 -1 -1 -1 396 -1 485 -1 -1 -1 -1 -1 -1 -1 84 706 -1 78 182 -1 338 798 -1 -1 754 -1 -1 -1 428 -1 0 -1 -1 -1 328
-1 845 -1 617 -1 -1 -1 158 -1 -1 -1 -1 -1 -1 -1 -1 439 -1 -1 -1 -1 -1 -1 141 -1 -1 714 -1 253 -1 -1 -1 88 -1 0 -1 -1 -1
-1 -1 -1 -1 -1 -1 -1 -1 -1 -1 -1 -1 504 526 -1 -1 999 -1 -1 -1 -1 -1 580 -1 -1 -1 -1 -1 -1 856 -1 -1 303 -1 -1 0 -1 -1
550 898 -1 -1 544 -1 -1 -1 815 -1 800 -1 -1 -1 -1 40 -1 -1 -1 349 -1 -1 -1 193 -1 -1 -1 -1 865 -1 -1 -1 -1 -1 958 -1 0 492
152 -1 -1 -1 -1 -1 -1 -1 -1 -1 -1 -1 -1 -1 532 -1 -1 -1 -1 569 473 -1 -1 -1 -1 -1 -1 -1 -1 -1 -1 -1 -1 -1 793 -1 -1 0